0.0000e+00 1.0000e+00 8.0882e-01 8.5821e-01 1.0000e+00 4.0789e-01 7.6301e-01 4.7619e-01 5.9615e-01 1.0000e+00 2.5373e-01 8.8272e-01 1.0000e+00 0.0000e+00 3.3900e-02 1.0000e+00 5.0909e-01 2.3404e-01 7.4850e-01 1.0000e+00 9.5652e-01 5.7767e-01 1.0000e+00 2.7160e-01 4.0000e-01 6.8970e-02 1.0000e+00 1.0000e+00 2.5758e-01 2.5287e-01 6.2000e-01 1.0000e+00 3.2790e-02 1.0000e+00 2.6923e-01 1.0000e+00 1.0000e+00 1.0000e+00 1.0000e+00 5.2703e-01 5.5128e-01 1.0000e+00 7.5342e-01 1.0000e+00 1.0000e+00 7.2222e-01 1.0000e+00 3.8889e-01 8.6842e-01 1.0000e+00 3.8636e-01 6.8478e-01 1.0000e+00 6.2651e-01 1.0000e+00 1.0000e+00 1.0000e+00 1.0000e+00 1.0000e+00 1.0000e+00 1.0000e+00 1.0000e+00 8.8034e-01 0.0000e+00 1.0000e+00 1.0000e+00 1.0000e+00 1.0000e+00 8.5106e-01 8.0263e-01 2.8571e-01 3.2911e-01 1.0000e+00 1.0000e+00 1.0000e+00 4.9380e-02 6.6492e-01 1.0000e+00 9.0526e-01 8.1437e-01 1.0000e+00 1.0000e+00 1.0000e+00 1.0000e+00 8.6458e-01 1.0000e+00 8.3654e-01 1.0000e+00 5.8824e-01 0.0000e+00 8.0556e-01 6.3830e-02 6.6670e-02 8.4024e-01 1.0000e+00 0.0000e+00 8.7037e-01 3.3824e-01 1.0000e+00 1.0000e+00
1.0000e+00 0.0000e+00 0.0000e+00 0.0000e+00 0.0000e+00 4.6429e-01 4.3882e-01 7.6378e-01 3.7931e-01 1.0000e+00 5.2672e-01 2.3451e-01 8.0800e-01 1.0000e+00 1.0000e+00 8.1481e-01 4.5378e-01 1.0000e+00 4.8918e-01 4.2208e-01 1.0000e+00 4.3333e-01 4.1290e-01 5.0345e-01 1.0000e+00 1.0000e+00 4.3030e-01 8.1667e-01 5.2308e-01 4.9007e-01 1.0000e+00 4.8824e-01 1.0000e+00 8.3036e-01 5.2586e-01 4.4970e-01 4.0000e-01 5.2201e-01 6.3314e-01 7.7536e-01 8.0282e-01 4.2537e-01 7.9562e-01 7.3184e-01 7.9907e-01 8.1000e-01 1.0000e+00 1.0000e+00 4.7059e-01 4.9375e-01 1.0000e+00 5.0641e-01 1.0000e+00 5.5102e-01 1.0000e+00 1.0000e+00 1.0000e+00 5.6693e-01 1.3089e-01 1.0000e+00 1.0000e+00 1.1475e-01 1.1050e-01 1.0000e+00 9.2361e-01 1.0000e+00 8.3330e-02 6.8320e-02 6.9620e-02 1.0000e+00 1.0000e+00 1.0000e+00 5.2980e-01 1.0000e+00 1.0000e+00 1.0000e+00 1.0000e+00 6.1730e-02 6.2890e-02 8.4848e-01 1.0000e+00 1.0000e+00 1.0000e+00 6.1350e-02 6.2500e-02 1.0000e+00 5.9520e-02 6.2110e-02 1.0000e+00 1.0000e+00 1.0000e+00 1.0000e+00 1.0000e+00 3.5622e-01 5.5900e-02 1.0000e+00 5.8140e-02 1.0000e+00 1.0000e+00 4.3750e-02
8.0882e-01 0.0000e+00 0.0000e+00 0.0000e+00 0.0000e+00 3.6076e-01 5.0980e-01 7.1724e-01 4.0299e-01 1.0000e+00 3.8255e-01 1.1885e-01 7.9021e-01 1.0000e+00 1.0000e+00 7.9085e-01 4.2336e-01 1.0000e+00 5.2209e-01 7.4419e-01 1.0000e+00 4.2361e-01 7.0520e-01 3.4356e-01 1.0000e+00 1.0000e+00 7.3224e-01 8.0435e-01 3.5811e-01 3.1953e-01 1.0000e+00 7.9787e-01 1.0000e+00 8.0769e-01 4.2537e-01 7.2727e-01 6.9399e-01 9.2090e-01 5.2941e-01 7.3718e-01 7.5625e-01 8.2895e-01 7.6774e-01 7.8680e-01 7.9310e-01 7.3729e-01 1.0000e+00 7.4764e-01 4.8333e-01 7.8652e-01 1.0000e+00 6.8391e-01 1.0000e+00 6.7273e-01 1.0000e+00 1.0000e+00 1.0000e+00 1.0000e+00 1.5311e-01 1.0000e+00 1.0000e+00 1.3930e-01 5.5280e-02 1.0000e+00 1.0000e+00 1.0000e+00 9.6770e-02 8.9390e-02 2.8410e-02 1.0000e+00 1.0000e+00 1.0000e+00 1.0000e+00 1.0000e+00 1.0000e+00 1.0000e+00 1.0000e+00 7.7780e-02 2.8250e-02 8.1526e-01 1.0000e+00 1.0000e+00 1.0000e+00 8.8400e-02 2.8090e-02 1.0000e+00 2.6880e-02 7.8210e-02 1.0000e+00 1.0000e+00 1.0000e+00 1.0000e+00 1.0000e+00 8.0080e-01 6.7040e-02 1.0000e+00 2.6320e-02 1.0000e+00 1.0000e+00 6.1800e-02
8.5821e-01 0.0000e+00 0.0000e+00 0.0000e+00 0.0000e+00 3.3974e-01 4.5455e-01 7.4825e-01 3.8636e-01 1.0000e+00 3.6054e-01 0.0000e+00 7.9433e-01 1.0000e+00 1.0000e+00 8.0132e-01 4.0000e-01 1.0000e+00 4.8583e-01 6.8824e-01 1.0000e+00 4.1259e-01 7.3099e-01 3.2298e-01 1.0000e+00 1.0000e+00 6.1878e-01 8.0882e-01 3.4247e-01 3.1737e-01 1.0000e+00 6.6129e-01 1.0000e+00 8.1250e-01 4.0152e-01 7.3514e-01 6.3536e-01 8.1714e-01 5.1892e-01 7.7273e-01 7.8481e-01 6.2667e-01 7.7778e-01 7.8462e-01 8.0000e-01 7.6724e-01 1.0000e+00 7.3460e-01 4.5763e-01 8.1818e-01 1.0000e+00 6.6279e-01 1.0000e+00 6.5031e-01 1.0000e+00 1.0000e+00 1.0000e+00 1.0000e+00 0.0000e+00 1.0000e+00 1.0000e+00 4.5230e-02 0.0000e+00 1.0000e+00 1.0000e+00 1.0000e+00 2.1740e-02 2.8250e-02 0.0000e+00 1.0000e+00 1.0000e+00 1.0000e+00 1.0000e+00 1.0000e+00 1.0000e+00 1.0000e+00 1.0000e+00 5.6200e-03 0.0000e+00 8.3806e-01 1.0000e+00 1.0000e+00 1.0000e+00 2.2350e-02 0.0000e+00 1.0000e+00 0.0000e+00 1.6950e-02 1.0000e+00 1.0000e+00 1.0000e+00 1.0000e+00 1.0000e+00 7.9920e-01 0.0000e+00 1.0000e+00 0.0000e+00 1.0000e+00 1.0000e+00 1.7050e-02
1.0000e+00 0.0000e+00 0.0000e+00 0.0000e+00 0.0000e+00 4.7945e-01 3.8272e-01 7.6692e-01 4.0164e-01 1.0000e+00 7.2263e-01 0.0000e+00 8.0153e-01 1.0000e+00 1.0000e+00 8.2270e-01 4.6400e-01 1.0000e+00 4.5570e-01 3.6875e-01 1.0000e+00 4.3116e-01 3.8509e-01 5.2980e-01 1.0000e+00 1.0000e+00 3.7427e-01 8.2540e-01 5.3676e-01 5.2229e-01 1.0000e+00 4.2045e-01 1.0000e+00 8.2203e-01 8.3607e-01 4.2286e-01 3.5088e-01 4.4242e-01 6.5714e-01 7.9167e-01 8.0405e-01 3.5714e-01 7.9720e-01 7.2973e-01 7.9545e-01 8.1132e-01 1.0000e+00 1.0000e+00 4.6296e-01 4.7590e-01 1.0000e+00 5.2469e-01 7.1508e-01 5.6209e-01 9.5312e-01 1.0000e+00 1.0000e+00 3.6090e-01 0.0000e+00 1.0000e+00 1.0000e+00 0.0000e+00 0.0000e+00 1.0000e+00 5.1333e-01 1.0000e+00 0.0000e+00 0.0000e+00 0.0000e+00 1.0000e+00 1.0000e+00 1.0000e+00 5.4140e-01 1.0000e+00 1.0000e+00 1.0000e+00 1.0000e+00 0.0000e+00 0.0000e+00 8.4810e-01 1.0000e+00 1.0000e+00 1.0000e+00 0.0000e+00 0.0000e+00 1.0000e+00 0.0000e+00 0.0000e+00 1.0000e+00 1.0000e+00 1.0000e+00 1.0000e+00 1.0000e+00 3.8075e-01 0.0000e+00 1.0000e+00 0.0000e+00 1.0000e+00 1.0000e+00 0.0000e+00
4.0789e-01 4.6429e-01 3.6076e-01 3.3974e-01 4.7945e-01 0.0000e+00 3.8462e-01 1.0000e+00 0.0000e+00 3.5593e-01 0.0000e+00 2.7174e-01 1.0000e+00 7.9452e-01 3.9506e-01 1.0000e+00 0.0000e+00 4.2029e-01 4.0212e-01 7.8571e-01 2.6471e-01 2.5439e-01 7.5221e-01 0.0000e+00 3.2836e-01 3.0000e-01 7.8049e-01 1.0000e+00 0.0000e+00 0.0000e+00 2.2222e-01 8.5156e-01 6.7470e-01 1.0000e+00 0.0000e+00 7.8740e-01 7.3171e-01 9.1453e-01 1.0000e+00 1.0000e+00 1.0000e+00 8.8043e-01 1.0000e+00 1.0000e+00 1.0000e+00 1.0000e+00 1.0000e+00 5.1374e-01 0.0000e+00 8.6441e-01 9.4406e-01 1.0000e+00 1.0000e+00 1.0000e+00 1.0000e+00 1.0000e+00 1.0000e+00 1.0000e+00 6.0403e-01 1.0000e+00 1.0000e+00 6.7376e-01 3.4532e-01 8.6869e-01 1.0000e+00 1.0000e+00 6.5873e-01 6.7227e-01 3.3621e-01 1.0000e+00 1.0000e+00 9.5000e-01 1.0000e+00 1.0000e+00 1.0000e+00 1.0000e+00 1.0000e+00 6.3333e-01 3.5043e-01 1.0000e+00 1.0000e+00 1.0000e+00 1.0000e+00 7.0248e-01 3.4746e-01 1.0000e+00 3.8095e-01 6.8067e-01 1.0000e+00 5.9864e-01 1.0000e+00 1.0000e+00 1.0000e+00 1.0000e+00 6.4706e-01 3.6792e-01 3.8462e-01 1.0000e+00 1.0000e+00 6.4407e-01
7.6301e-01 4.3882e-01 5.0980e-01 4.5455e-01 3.8272e-01 3.8462e-01 0.0000e+00 1.0000e+00 4.3275e-01 7.7564e-01 4.5699e-01 4.1993e-01 1.0000e+00 9.2353e-01 7.4719e-01 1.0000e+00 4.3678e-01 7.7711e-01 0.0000e+00 1.5789e-01 7.2121e-01 0.0000e+00 1.4762e-01 4.0500e-01 7.4390e-01 7.0056e-01 1.4545e-01 1.0000e+00 4.3784e-01 3.9320e-01 6.9231e-01 1.4667e-01 8.7222e-01 1.0000e+00 5.3801e-01 1.4286e-01 1.3636e-01 1.7290e-01 1.0000e+00 1.0000e+00 1.0000e+00 1.8519e-01 1.0000e+00 1.0000e+00 1.0000e+00 1.0000e+00 1.0000e+00 6.2039e-01 4.5223e-01 1.5349e-01 9.5300e-01 1.0000e+00 5.0000e-01 1.0000e+00 1.0000e+00 6.4438e-01 1.0000e+00 3.5165e-01 4.2683e-01 4.7181e-01 1.0000e+00 4.6218e-01 4.8729e-01 9.3367e-01 4.3719e-01 1.0000e+00 4.5291e-01 4.6759e-01 4.9765e-01 1.0000e+00 1.0000e+00 9.6029e-01 1.0000e+00 1.0000e+00 1.0000e+00 1.0000e+00 1.0000e+00 4.6083e-01 4.7664e-01 1.0000e+00 1.0000e+00 1.0000e+00 1.0000e+00 4.4495e-01 4.9302e-01 1.0000e+00 5.1121e-01 4.6759e-01 1.0000e+00 7.7049e-01 1.0000e+00 1.0000e+00 1.0000e+00 1.0000e+00 4.5833e-01 6.7980e-01 4.9339e-01 1.0000e+00 1.0000e+00 4.6512e-01
4.7619e-01 7.6378e-01 7.1724e-01 7.4825e-01 7.6692e-01 1.0000e+00 1.0000e+00 0.0000e+00 1.0000e+00 1.0000e+00 1.0000e+00 8.1287e-01 1.0000e-01 1.0000e+00 1.0000e+00 1.7500e-01 1.0000e+00 1.0000e+00 1.0000e+00 1.0000e+00 1.0000e+00 1.0000e+00 1.0000e+00 1.0000e+00 1.0000e+00 1.0000e+00 1.0000e+00 7.3846e-01 1.0000e+00 1.0000e+00 1.0000e+00 1.0000e+00 6.7143e-01 8.2456e-01 1.0000e+00 1.0000e+00 1.0000e+00 1.0000e+00 1.0000e+00 1.0843e-01 1.6092e-01 1.0000e+00 1.4634e-01 9.0323e-01 8.6164e-01 3.1111e-01 1.0000e+00 6.4672e-01 1.0000e+00 1.0000e+00 4.1758e-01 6.4356e-01 7.2881e-01 5.8696e-01 6.7164e-01 8.6301e-01 5.3086e-01 8.1944e-01 7.9412e-01 8.4141e-01 6.4103e-01 7.8125e-01 7.5397e-01 5.5814e-01 7.1910e-01 1.0000e+00 7.5221e-01 7.5472e-01 7.3786e-01 6.3529e-01 2.7957e-01 3.2335e-01 1.0000e+00 1.0000e+00 1.0000e+00 3.0000e-01 6.3000e-01 7.4766e-01 7.3077e-01 2.5000e-01 1.0000e+00 1.0000e+00 1.0000e+00 7.4074e-01 7.4286e-01 1.0000e+00 7.2566e-01 7.4528e-01 5.3991e-01 4.5522e-01 7.0588e-01 4.4643e-01 6.4103e-01 7.1910e-01 7.4528e-01 5.9140e-01 7.2650e-01 3.6364e-01 1.0000e+00 7.2381e-01
5.9615e-01 3.7931e-01 4.0299e-01 3.8636e-01 4.0164e-01 0.0000e+00 4.3275e-01 1.0000e+00 0.0000e+00 4.2857e-01 0.0000e+00 3.5625e-01 1.0000e+00 1.0000e+00 7.1930e-01 1.0000e+00 0.0000e+00 4.4444e-01 4.5455e-01 7.5000e-01 2.9545e-01 2.4510e-01 7.3034e-01 0.0000e+00 3.7209e-01 3.2143e-01 7.5758e-01 1.0000e+00 0.0000e+00 0.0000e+00 3.3333e-01 8.3654e-01 8.8136e-01 1.0000e+00 0.0000e+00 7.4757e-01 6.9697e-01 8.9247e-01 1.0000e+00 1.0000e+00 1.0000e+00 8.3824e-01 1.0000e+00 1.0000e+00 1.0000e+00 1.0000e+00 1.0000e+00 6.2353e-01 0.0000e+00 8.5106e-01 1.0000e+00 1.0000e+00 1.0000e+00 1.0000e+00 1.0000e+00 1.0000e+00 1.0000e+00 1.0000e+00 5.4400e-01 1.0000e+00 1.0000e+00 6.1538e-01 4.5217e-01 1.0000e+00 1.0000e+00 1.0000e+00 5.8824e-01 6.1053e-01 4.3478e-01 1.0000e+00 1.0000e+00 1.0000e+00 1.0000e+00 1.0000e+00 1.0000e+00 1.0000e+00 1.0000e+00 5.7292e-01 4.5161e-01 1.0000e+00 1.0000e+00 1.0000e+00 1.0000e+00 6.3918e-01 4.4681e-01 1.0000e+00 4.7059e-01 6.3158e-01 1.0000e+00 8.4553e-01 1.0000e+00 1.0000e+00 1.0000e+00 1.0000e+00 5.7895e-01 5.9756e-01 4.7170e-01 1.0000e+00 1.0000e+00 5.8511e-01
1.0000e+00 1.0000e+00 1.0000e+00 1.0000e+00 1.0000e+00 3.5593e-01 7.7564e-01 1.0000e+00 4.2857e-01 0.0000e+00 1.8000e-01 1.0000e+00 1.0000e+00 0.0000e+00 0.0000e+00 1.0000e+00 3.9474e-01 0.0000e+00 7.6000e-01 1.0000e+00 0.0000e+00 6.1905e-01 1.0000e+00 2.1875e-01 0.0000e+00 0.0000e+00 1.0000e+00 1.0000e+00 1.2245e-01 2.1429e-01 0.0000e+00 1.0000e+00 0.0000e+00 1.0000e+00 5.7140e-02 1.0000e+00 1.0000e+00 1.0000e+00 1.0000e+00 1.0000e+00 1.0000e+00 1.0000e+00 1.0000e+00 1.0000e+00 1.0000e+00 1.0000e+00 1.0000e+00 5.8769e-01 9.0476e-01 1.0000e+00 7.5708e-01 1.0000e+00 1.0000e+00 1.0000e+00 1.0000e+00 1.0000e+00 1.0000e+00 1.0000e+00 1.0000e+00 1.0000e+00 1.0000e+00 1.0000e+00 1.0000e+00 0.0000e+00 1.0000e+00 1.0000e+00 1.0000e+00 1.0000e+00 1.0000e+00 1.0000e+00 1.0000e+00 8.0142e-01 1.0000e+00 1.0000e+00 1.0000e+00 7.9688e-01 1.0000e+00 1.0000e+00 1.0000e+00 1.0000e+00 1.0000e+00 1.0000e+00 1.0000e+00 1.0000e+00 1.0000e+00 1.0000e+00 1.0000e+00 1.0000e+00 1.0000e+00 3.3333e-01 1.0000e+00 1.0000e+00 1.0000e+00 1.0000e+00 1.0000e+00 2.0896e-01 1.0000e+00 1.0000e+00 1.0000e+00 1.0000e+00
2.5373e-01 5.2672e-01 3.8255e-01 3.6054e-01 7.2263e-01 0.0000e+00 4.5699e-01 1.0000e+00 0.0000e+00 1.8000e-01 0.0000e+00 2.9714e-01 1.0000e+00 3.7500e-01 2.3611e-01 1.0000e+00 0.0000e+00 2.5000e-01 4.6111e-01 9.8058e-01 1.0169e-01 2.7854e-01 9.4231e-01 0.0000e+00 1.7241e-01 1.5493e-01 9.4737e-01 1.0000e+00 0.0000e+00 0.0000e+00 7.9370e-02 9.8319e-01 5.0000e-01 1.0000e+00 0.0000e+00 9.4915e-01 9.2105e-01 1.0000e+00 1.0000e+00 1.0000e+00 1.0000e+00 1.0000e+00 1.0000e+00 1.0000e+00 1.0000e+00 1.0000e+00 1.0000e+00 4.9014e-01 0.0000e+00 9.8165e-01 7.6895e-01 1.0000e+00 1.0000e+00 1.0000e+00 1.0000e+00 1.0000e+00 1.0000e+00 1.0000e+00 7.7143e-01 1.0000e+00 1.0000e+00 8.0303e-01 3.9231e-01 6.4444e-01 1.0000e+00 1.0000e+00 7.8632e-01 8.1818e-01 3.6449e-01 1.0000e+00 1.0000e+00 8.0702e-01 1.0000e+00 1.0000e+00 1.0000e+00 1.0000e+00 1.0000e+00 8.0180e-01 4.2593e-01 1.0000e+00 1.0000e+00 1.0000e+00 1.0000e+00 8.4821e-01 3.8532e-01 1.0000e+00 4.1880e-01 8.0000e-01 1.0000e+00 4.1304e-01 1.0000e+00 1.0000e+00 1.0000e+00 1.0000e+00 7.7273e-01 1.7526e-01 4.2149e-01 1.0000e+00 1.0000e+00 7.9817e-01
8.8272e-01 2.3451e-01 1.1885e-01 0.0000e+00 0.0000e+00 2.7174e-01 4.1993e-01 8.1287e-01 3.5625e-01 1.0000e+00 2.9714e-01 0.0000e+00 8.5207e-01 1.0000e+00 1.0000e+00 8.4358e-01 3.1288e-01 1.0000e+00 4.3636e-01 8.3838e-01 1.0000e+00 3.9809e-01 8.4422e-01 3.0688e-01 1.0000e+00 1.0000e+00 8.0383e-01 8.5366e-01 3.5057e-01 3.4872e-01 1.0000e+00 8.3645e-01 1.0000e+00 8.5897e-01 5.5000e-01 8.4977e-01 8.0383e-01 9.0640e-01 5.8216e-01 8.2967e-01 8.4409e-01 8.2584e-01 8.3425e-01 8.2511e-01 8.2171e-01 8.2639e-01 1.0000e+00 6.7556e-01 3.4932e-01 9.0686e-01 1.0000e+00 7.4000e-01 1.0000e+00 7.5393e-01 1.0000e+00 1.0000e+00 1.0000e+00 1.0000e+00 0.0000e+00 1.0000e+00 1.0000e+00 0.0000e+00 0.0000e+00 1.0000e+00 1.0000e+00 1.0000e+00 0.0000e+00 0.0000e+00 0.0000e+00 1.0000e+00 1.0000e+00 1.0000e+00 1.0000e+00 1.0000e+00 1.0000e+00 1.0000e+00 1.0000e+00 0.0000e+00 0.0000e+00 8.6909e-01 1.0000e+00 1.0000e+00 1.0000e+00 0.0000e+00 0.0000e+00 1.0000e+00 0.0000e+00 0.0000e+00 1.0000e+00 1.0000e+00 1.0000e+00 1.0000e+00 1.0000e+00 8.4116e-01 0.0000e+00 1.0000e+00 0.0000e+00 1.0000e+00 1.0000e+00 0.0000e+00
1.0000e+00 8.0800e-01 7.9021e-01 7.9433e-01 8.0153e-01 1.0000e+00 1.0000e+00 1.0000e-01 1.0000e+00 1.0000e+00 1.0000e+00 8.5207e-01 0.0000e+00 1.0000e+00 1.0000e+00 0.0000e+00 1.0000e+00 1.0000e+00 1.0000e+00 1.0000e+00 1.0000e+00 1.0000e+00 1.0000e+00 1.0000e+00 1.0000e+00 1.0000e+00 1.0000e+00 0.0000e+00 1.0000e+00 1.0000e+00 1.0000e+00 1.0000e+00 1.0000e+00 0.0000e+00 1.0000e+00 1.0000e+00 1.0000e+00 1.0000e+00 1.0000e+00 1.2350e-02 3.5290e-02 1.0000e+00 2.5000e-02 1.6390e-02 0.0000e+00 4.6512e-01 5.7500e-01 7.6791e-01 1.0000e+00 1.0000e+00 7.0111e-01 5.8586e-01 7.5862e-01 5.3333e-01 6.4615e-01 8.7097e-01 3.0380e-01 1.0000e+00 8.2090e-01 8.6667e-01 1.9130e-01 8.0952e-01 7.9032e-01 1.0000e+00 7.4713e-01 1.0000e+00 7.8378e-01 7.8846e-01 7.7228e-01 4.6988e-01 3.2967e-01 5.5152e-01 1.0000e+00 6.9930e-01 1.0000e+00 7.2727e-01 5.9091e-01 7.7143e-01 7.6471e-01 0.0000e+00 1.0000e+00 5.9859e-01 5.0549e-01 7.8302e-01 7.6699e-01 1.0000e+00 7.5676e-01 7.7885e-01 5.8768e-01 1.0000e+00 6.3576e-01 7.4074e-01 8.3784e-01 6.4205e-01 7.6923e-01 1.0000e+00 7.5652e-01 3.8667e-01 1.0000e+00 7.5728e-01
0.0000e+00 1.0000e+00 1.0000e+00 1.0000e+00 1.0000e+00 7.9452e-01 9.2353e-01 1.0000e+00 1.0000e+00 0.0000e+00 3.7500e-01 1.0000e+00 1.0000e+00 0.0000e+00 0.0000e+00 1.0000e+00 9.0385e-01 0.0000e+00 8.5976e-01 1.0000e+00 0.0000e+00 6.8473e-01 1.0000e+00 4.3590e-01 0.0000e+00 0.0000e+00 1.0000e+00 1.0000e+00 3.3333e-01 4.0476e-01 0.0000e+00 1.0000e+00 0.0000e+00 1.0000e+00 3.2653e-01 1.0000e+00 1.0000e+00 1.0000e+00 1.0000e+00 1.0000e+00 9.2000e-01 1.0000e+00 1.0000e+00 1.0000e+00 1.0000e+00 1.0000e+00 1.0000e+00 5.2212e-01 1.0000e+00 1.0000e+00 5.6322e-01 1.0000e+00 1.0000e+00 1.0000e+00 1.0000e+00 1.0000e+00 1.0000e+00 1.0000e+00 1.0000e+00 1.0000e+00 1.0000e+00 1.0000e+00 1.0000e+00 0.0000e+00 1.0000e+00 1.0000e+00 1.0000e+00 1.0000e+00 1.0000e+00 1.0000e+00 1.0000e+00 5.4839e-01 1.0000e+00 1.0000e+00 1.0000e+00 3.5897e-01 8.5638e-01 1.0000e+00 1.0000e+00 1.0000e+00 1.0000e+00 1.0000e+00 1.0000e+00 1.0000e+00 1.0000e+00 1.0000e+00 1.0000e+00 1.0000e+00 7.5124e-01 0.0000e+00 1.0000e+00 2.7273e-01 1.4815e-01 1.0000e+00 1.0000e+00 0.0000e+00 1.0000e+00 1.0000e+00 1.0000e+00 1.0000e+00
3.3900e-02 1.0000e+00 1.0000e+00 1.0000e+00 1.0000e+00 3.9506e-01 7.4719e-01 1.0000e+00 7.1930e-01 0.0000e+00 2.3611e-01 1.0000e+00 1.0000e+00 0.0000e+00 0.0000e+00 1.0000e+00 3.6667e-01 0.0000e+00 7.0930e-01 1.0000e+00 0.0000e+00 6.1137e-01 1.0000e+00 2.9070e-01 0.0000e+00 0.0000e+00 1.0000e+00 1.0000e+00 1.8310e-01 2.6087e-01 0.0000e+00 1.0000e+00 0.0000e+00 1.0000e+00 1.7544e-01 1.0000e+00 1.0000e+00 1.0000e+00 1.0000e+00 1.0000e+00 1.0000e+00 1.0000e+00 1.0000e+00 1.0000e+00 1.0000e+00 1.0000e+00 1.0000e+00 4.8703e-01 1.0000e+00 1.0000e+00 5.3903e-01 1.0000e+00 1.0000e+00 1.0000e+00 1.0000e+00 1.0000e+00 1.0000e+00 1.0000e+00 1.0000e+00 1.0000e+00 1.0000e+00 1.0000e+00 1.0000e+00 0.0000e+00 1.0000e+00 1.0000e+00 1.0000e+00 1.0000e+00 1.0000e+00 1.0000e+00 1.0000e+00 5.0920e-01 1.0000e+00 1.0000e+00 1.0000e+00 4.3023e-01 9.3367e-01 1.0000e+00 1.0000e+00 1.0000e+00 1.0000e+00 1.0000e+00 1.0000e+00 1.0000e+00 1.0000e+00 1.0000e+00 1.0000e+00 1.0000e+00 7.9904e-01 0.0000e+00 1.0000e+00 6.1538e-01 7.7143e-01 1.0000e+00 1.0000e+00 0.0000e+00 1.0000e+00 1.0000e+00 1.0000e+00 1.0000e+00
1.0000e+00 8.1481e-01 7.9085e-01 8.0132e-01 8.2270e-01 1.0000e+00 1.0000e+00 1.7500e-01 1.0000e+00 1.0000e+00 1.0000e+00 8.4358e-01 0.0000e+00 1.0000e+00 1.0000e+00 0.0000e+00 1.0000e+00 1.0000e+00 1.0000e+00 1.0000e+00 1.0000e+00 1.0000e+00 1.0000e+00 1.0000e+00 1.0000e+00 1.0000e+00 1.0000e+00 0.0000e+00 1.0000e+00 1.0000e+00 1.0000e+00 1.0000e+00 1.0000e+00 0.0000e+00 1.0000e+00 1.0000e+00 1.0000e+00 1.0000e+00 1.0000e+00 0.0000e+00 1.0530e-02 1.0000e+00 0.0000e+00 3.7880e-02 0.0000e+00 5.4717e-01 5.0000e-01 7.5487e-01 1.0000e+00 1.0000e+00 6.6548e-01 6.2385e-01 7.7778e-01 5.7000e-01 7.0667e-01 8.7225e-01 2.6966e-01 1.0000e+00 8.3333e-01 8.6809e-01 1.7600e-01 8.1618e-01 7.9851e-01 1.0000e+00 7.7320e-01 1.0000e+00 7.9339e-01 7.9825e-01 7.7477e-01 5.1613e-01 3.9604e-01 5.2000e-01 1.0000e+00 5.5556e-01 1.0000e+00 6.8367e-01 5.8654e-01 7.9130e-01 7.8571e-01 0.0000e+00 1.0000e+00 5.7237e-01 3.2673e-01 7.9310e-01 7.8761e-01 1.0000e+00 7.7686e-01 7.8947e-01 5.6561e-01 9.3662e-01 6.5217e-01 6.8750e-01 8.7234e-01 6.7742e-01 7.8947e-01 1.0000e+00 7.7600e-01 4.5882e-01 1.0000e+00 7.6991e-01
5.0909e-01 4.5378e-01 4.2336e-01 4.0000e-01 4.6400e-01 0.0000e+00 4.3678e-01 1.0000e+00 0.0000e+00 3.9474e-01 0.0000e+00 3.1288e-01 1.0000e+00 9.0385e-01 3.6667e-01 1.0000e+00 0.0000e+00 4.1667e-01 4.5238e-01 7.9121e-01 2.5532e-01 2.8986e-01 7.6087e-01 0.0000e+00 3.2609e-01 2.8814e-01 7.8431e-01 1.0000e+00 0.0000e+00 0.0000e+00 2.1569e-01 8.6916e-01 7.7419e-01 1.0000e+00 0.0000e+00 8.0189e-01 7.3529e-01 9.2708e-01 1.0000e+00 1.0000e+00 1.0000e+00 8.7324e-01 1.0000e+00 1.0000e+00 1.0000e+00 1.0000e+00 1.0000e+00 5.5977e-01 0.0000e+00 8.7629e-01 1.0000e+00 1.0000e+00 1.0000e+00 1.0000e+00 1.0000e+00 1.0000e+00 1.0000e+00 1.0000e+00 6.2500e-01 1.0000e+00 1.0000e+00 6.8333e-01 4.0678e-01 9.4872e-01 1.0000e+00 1.0000e+00 6.4762e-01 6.7347e-01 4.1053e-01 1.0000e+00 1.0000e+00 1.0000e+00 1.0000e+00 1.0000e+00 1.0000e+00 1.0000e+00 1.0000e+00 6.4646e-01 4.2708e-01 1.0000e+00 1.0000e+00 1.0000e+00 1.0000e+00 7.2000e-01 4.3299e-01 1.0000e+00 4.5714e-01 6.7347e-01 1.0000e+00 6.8254e-01 1.0000e+00 1.0000e+00 1.0000e+00 1.0000e+00 6.4286e-01 4.3529e-01 4.5872e-01 1.0000e+00 1.0000e+00 6.5979e-01
2.3404e-01 1.0000e+00 1.0000e+00 1.0000e+00 1.0000e+00 4.2029e-01 7.7711e-01 1.0000e+00 4.4444e-01 0.0000e+00 2.5000e-01 1.0000e+00 1.0000e+00 0.0000e+00 0.0000e+00 1.0000e+00 4.1667e-01 0.0000e+00 7.5000e-01 1.0000e+00 0.0000e+00 6.2814e-01 1.0000e+00 2.8378e-01 0.0000e+00 0.0000e+00 1.0000e+00 1.0000e+00 1.8644e-01 2.6250e-01 0.0000e+00 1.0000e+00 0.0000e+00 1.0000e+00 1.5556e-01 1.0000e+00 1.0000e+00 1.0000e+00 1.0000e+00 1.0000e+00 1.0000e+00 1.0000e+00 1.0000e+00 1.0000e+00 1.0000e+00 1.0000e+00 1.0000e+00 5.4030e-01 1.0000e+00 1.0000e+00 6.7704e-01 1.0000e+00 1.0000e+00 1.0000e+00 1.0000e+00 1.0000e+00 1.0000e+00 1.0000e+00 1.0000e+00 1.0000e+00 1.0000e+00 1.0000e+00 1.0000e+00 0.0000e+00 1.0000e+00 1.0000e+00 1.0000e+00 1.0000e+00 1.0000e+00 1.0000e+00 1.0000e+00 6.8212e-01 1.0000e+00 1.0000e+00 1.0000e+00 5.8108e-01 1.0000e+00 1.0000e+00 1.0000e+00 1.0000e+00 1.0000e+00 1.0000e+00 1.0000e+00 1.0000e+00 1.0000e+00 1.0000e+00 1.0000e+00 1.0000e+00 9.2386e-01 1.6949e-01 1.0000e+00 1.0000e+00 1.0000e+00 1.0000e+00 1.0000e+00 0.0000e+00 1.0000e+00 1.0000e+00 1.0000e+00 1.0000e+00
7.4850e-01 4.8918e-01 5.2209e-01 4.8583e-01 4.5570e-01 4.0212e-01 0.0000e+00 1.0000e+00 4.5455e-01 7.6000e-01 4.6111e-01 4.3636e-01 1.0000e+00 8.5976e-01 7.0930e-01 1.0000e+00 4.5238e-01 7.5000e-01 0.0000e+00 1.6749e-01 7.0440e-01 0.0000e+00 1.5686e-01 4.1753e-01 7.2785e-01 6.7836e-01 1.5421e-01 1.0000e+00 4.4693e-01 4.0500e-01 6.7485e-01 1.5982e-01 8.3333e-01 1.0000e+00 5.3333e-01 1.5138e-01 1.4486e-01 1.8269e-01 1.0000e+00 1.0000e+00 1.0000e+00 2.0219e-01 1.0000e+00 1.0000e+00 1.0000e+00 1.0000e+00 1.0000e+00 6.1099e-01 4.8344e-01 1.6268e-01 9.2838e-01 1.0000e+00 5.0000e-01 1.0000e+00 9.3567e-01 6.4087e-01 1.0000e+00 3.5227e-01 4.7083e-01 4.4713e-01 1.0000e+00 5.2155e-01 5.0435e-01 9.0526e-01 4.4560e-01 1.0000e+00 5.3456e-01 5.2381e-01 5.2657e-01 1.0000e+00 1.0000e+00 9.4096e-01 1.0000e+00 1.0000e+00 1.0000e+00 1.0000e+00 1.0000e+00 5.2133e-01 5.1442e-01 1.0000e+00 1.0000e+00 1.0000e+00 1.0000e+00 5.1887e-01 5.2632e-01 1.0000e+00 5.4839e-01 5.3810e-01 1.0000e+00 7.3529e-01 1.0000e+00 1.0000e+00 1.0000e+00 1.0000e+00 5.2857e-01 6.5482e-01 5.2941e-01 1.0000e+00 1.0000e+00 5.3110e-01
1.0000e+00 4.2208e-01 7.4419e-01 6.8824e-01 3.6875e-01 7.8571e-01 1.5789e-01 1.0000e+00 7.5000e-01 1.0000e+00 9.8058e-01 8.3838e-01 1.0000e+00 1.0000e+00 1.0000e+00 1.0000e+00 7.9121e-01 1.0000e+00 1.6749e-01 0.0000e+00 1.0000e+00 3.0165e-01 0.0000e+00 9.1453e-01 1.0000e+00 1.0000e+00 0.0000e+00 1.0000e+00 9.2157e-01 9.1057e-01 1.0000e+00 0.0000e+00 1.0000e+00 1.0000e+00 1.0000e+00 0.0000e+00 0.0000e+00 0.0000e+00 1.0000e+00 1.0000e+00 1.0000e+00 0.0000e+00 1.0000e+00 1.0000e+00 1.0000e+00 1.0000e+00 1.0000e+00 1.0000e+00 7.0270e-01 0.0000e+00 1.0000e+00 1.0000e+00 4.2759e-01 1.0000e+00 1.0000e+00 6.3008e-01 1.0000e+00 1.5152e-01 5.5215e-01 4.0945e-01 1.0000e+00 5.3548e-01 8.0392e-01 1.0000e+00 3.1897e-01 1.0000e+00 5.3571e-01 5.0376e-01 8.1538e-01 1.0000e+00 1.0000e+00 1.0000e+00 1.0000e+00 1.0000e+00 1.0000e+00 1.0000e+00 1.0000e+00 5.2239e-01 7.5573e-01 1.0000e+00 1.0000e+00 1.0000e+00 1.0000e+00 4.6667e-01 8.0303e-01 1.0000e+00 8.3571e-01 5.2632e-01 1.0000e+00 1.0000e+00 1.0000e+00 1.0000e+00 1.0000e+00 1.0000e+00 5.1880e-01 1.0000e+00 7.8472e-01 1.0000e+00 1.0000e+00 5.0758e-01
9.5652e-01 1.0000e+00 1.0000e+00 1.0000e+00 1.0000e+00 2.6471e-01 7.2121e-01 1.0000e+00 2.9545e-01 0.0000e+00 1.0169e-01 1.0000e+00 1.0000e+00 0.0000e+00 0.0000e+00 1.0000e+00 2.5532e-01 0.0000e+00 7.0440e-01 1.0000e+00 0.0000e+00 5.7576e-01 1.0000e+00 1.5068e-01 0.0000e+00 0.0000e+00 1.0000e+00 1.0000e+00 8.6210e-02 1.5190e-01 0.0000e+00 1.0000e+00 0.0000e+00 1.0000e+00 0.0000e+00 1.0000e+00 1.0000e+00 1.0000e+00 1.0000e+00 1.0000e+00 1.0000e+00 1.0000e+00 1.0000e+00 1.0000e+00 1.0000e+00 1.0000e+00 1.0000e+00 5.5988e-01 6.3333e-01 1.0000e+00 7.1875e-01 1.0000e+00 1.0000e+00 1.0000e+00 1.0000e+00 1.0000e+00 1.0000e+00 1.0000e+00 1.0000e+00 1.0000e+00 1.0000e+00 1.0000e+00 1.0000e+00 0.0000e+00 1.0000e+00 1.0000e+00 1.0000e+00 1.0000e+00 1.0000e+00 1.0000e+00 1.0000e+00 7.4000e-01 1.0000e+00 1.0000e+00 1.0000e+00 8.4932e-01 1.0000e+00 1.0000e+00 1.0000e+00 1.0000e+00 1.0000e+00 1.0000e+00 1.0000e+00 1.0000e+00 1.0000e+00 1.0000e+00 1.0000e+00 1.0000e+00 1.0000e+00 2.9060e-01 1.0000e+00 1.0000e+00 1.0000e+00 1.0000e+00 1.0000e+00 1.4474e-01 1.0000e+00 1.0000e+00 1.0000e+00 1.0000e+00
5.7767e-01 4.3333e-01 4.2361e-01 4.1259e-01 4.3116e-01 2.5439e-01 0.0000e+00 1.0000e+00 2.4510e-01 6.1905e-01 2.7854e-01 3.9809e-01 1.0000e+00 6.8473e-01 6.1137e-01 1.0000e+00 2.8986e-01 6.2814e-01 0.0000e+00 3.0165e-01 5.7576e-01 0.0000e+00 2.8395e-01 2.4464e-01 5.9898e-01 5.7143e-01 2.8063e-01 1.0000e+00 2.5688e-01 2.3849e-01 5.5446e-01 2.8682e-01 6.0563e-01 1.0000e+00 3.4804e-01 2.7626e-01 2.7273e-01 3.3198e-01 1.0000e+00 1.0000e+00 1.0000e+00 3.5586e-01 1.0000e+00 1.0000e+00 1.0000e+00 1.0000e+00 1.0000e+00 5.0607e-01 3.8421e-01 2.9839e-01 7.3798e-01 1.0000e+00 6.2835e-01 1.0000e+00 9.4762e-01 7.3204e-01 1.0000e+00 5.2558e-01 5.0896e-01 5.8378e-01 1.0000e+00 5.2399e-01 4.5725e-01 6.2445e-01 6.0345e-01 1.0000e+00 5.1953e-01 5.1807e-01 4.5122e-01 1.0000e+00 1.0000e+00 7.7742e-01 1.0000e+00 1.0000e+00 1.0000e+00 1.0000e+00 1.0000e+00 5.2000e-01 4.5344e-01 1.0000e+00 1.0000e+00 1.0000e+00 1.0000e+00 4.9801e-01 4.5161e-01 1.0000e+00 4.5703e-01 5.2610e-01 9.7753e-01 4.8375e-01 1.0000e+00 9.2462e-01 1.0000e+00 1.0000e+00 5.1004e-01 4.9576e-01 4.6154e-01 1.0000e+00 1.0000e+00 5.0806e-01
1.0000e+00 4.1290e-01 7.0520e-01 7.3099e-01 3.8509e-01 7.5221e-01 1.4762e-01 1.0000e+00 7.3034e-01 1.0000e+00 9.4231e-01 8.4422e-01 1.0000e+00 1.0000e+00 1.0000e+00 1.0000e+00 7.6087e-01 1.0000e+00 1.5686e-01 0.0000e+00 1.0000e+00 2.8395e-01 0.0000e+00 8.8136e-01 1.0000e+00 1.0000e+00 0.0000e+00 1.0000e+00 9.0291e-01 8.7097e-01 1.0000e+00 0.0000e+00 1.0000e+00 1.0000e+00 1.0000e+00 0.0000e+00 0.0000e+00 0.0000e+00 1.0000e+00 1.0000e+00 1.0000e+00 0.0000e+00 1.0000e+00 1.0000e+00 1.0000e+00 1.0000e+00 1.0000e+00 1.0000e+00 7.2000e-01 0.0000e+00 1.0000e+00 1.0000e+00 4.1096e-01 1.0000e+00 9.1579e-01 6.1538e-01 1.0000e+00 1.3000e-01 5.7317e-01 3.9216e-01 1.0000e+00 5.6410e-01 8.1818e-01 1.0000e+00 2.9915e-01 1.0000e+00 5.5319e-01 5.0746e-01 8.2443e-01 1.0000e+00 1.0000e+00 1.0000e+00 1.0000e+00 1.0000e+00 1.0000e+00 1.0000e+00 1.0000e+00 5.3333e-01 7.7273e-01 1.0000e+00 1.0000e+00 1.0000e+00 1.0000e+00 5.0000e-01 8.1203e-01 1.0000e+00 8.4397e-01 5.3731e-01 1.0000e+00 1.0000e+00 1.0000e+00 1.0000e+00 1.0000e+00 1.0000e+00 5.3731e-01 1.0000e+00 7.9310e-01 1.0000e+00 1.0000e+00 5.2632e-01
2.7160e-01 5.0345e-01 3.4356e-01 3.2298e-01 5.2980e-01 0.0000e+00 4.0500e-01 1.0000e+00 0.0000e+00 2.1875e-01 0.0000e+00 3.0688e-01 1.0000e+00 4.3590e-01 2.9070e-01 1.0000e+00 0.0000e+00 2.8378e-01 4.1753e-01 9.1453e-01 1.5068e-01 2.4464e-01 8.8136e-01 0.0000e+00 1.9444e-01 1.8824e-01 8.9062e-01 1.0000e+00 0.0000e+00 0.0000e+00 1.1688e-01 9.4737e-01 5.2273e-01 1.0000e+00 0.0000e+00 8.8636e-01 8.5156e-01 1.0000e+00 1.0000e+00 1.0000e+00 1.0000e+00 9.6907e-01 1.0000e+00 1.0000e+00 1.0000e+00 1.0000e+00 1.0000e+00 4.7967e-01 0.0000e+00 9.5122e-01 7.6976e-01 1.0000e+00 1.0000e+00 1.0000e+00 1.0000e+00 1.0000e+00 1.0000e+00 1.0000e+00 7.0130e-01 1.0000e+00 1.0000e+00 7.3973e-01 3.6806e-01 6.8269e-01 1.0000e+00 1.0000e+00 7.2519e-01 7.4194e-01 3.3884e-01 1.0000e+00 1.0000e+00 8.1081e-01 1.0000e+00 1.0000e+00 1.0000e+00 1.0000e+00 1.0000e+00 7.2000e-01 3.6066e-01 1.0000e+00 1.0000e+00 1.0000e+00 1.0000e+00 7.7778e-01 3.4959e-01 1.0000e+00 3.7405e-01 7.4194e-01 1.0000e+00 4.4737e-01 1.0000e+00 1.0000e+00 1.0000e+00 1.0000e+00 7.1774e-01 2.1622e-01 3.8519e-01 1.0000e+00 1.0000e+00 7.2358e-01
4.0000e-01 1.0000e+00 1.0000e+00 1.0000e+00 1.0000e+00 3.2836e-01 7.4390e-01 1.0000e+00 3.7209e-01 0.0000e+00 1.7241e-01 1.0000e+00 1.0000e+00 0.0000e+00 0.0000e+00 1.0000e+00 3.2609e-01 0.0000e+00 7.2785e-01 1.0000e+00 0.0000e+00 5.9898e-01 1.0000e+00 1.9444e-01 0.0000e+00 0.0000e+00 1.0000e+00 1.0000e+00 1.2281e-01 1.9231e-01 0.0000e+00 1.0000e+00 0.0000e+00 1.0000e+00 4.6510e-02 1.0000e+00 1.0000e+00 1.0000e+00 1.0000e+00 1.0000e+00 1.0000e+00 1.0000e+00 1.0000e+00 1.0000e+00 1.0000e+00 1.0000e+00 1.0000e+00 5.4354e-01 1.0000e+00 1.0000e+00 6.9804e-01 1.0000e+00 1.0000e+00 1.0000e+00 1.0000e+00 1.0000e+00 1.0000e+00 1.0000e+00 1.0000e+00 1.0000e+00 1.0000e+00 1.0000e+00 1.0000e+00 0.0000e+00 1.0000e+00 1.0000e+00 1.0000e+00 1.0000e+00 1.0000e+00 1.0000e+00 1.0000e+00 7.1141e-01 1.0000e+00 1.0000e+00 1.0000e+00 6.8056e-01 1.0000e+00 1.0000e+00 1.0000e+00 1.0000e+00 1.0000e+00 1.0000e+00 1.0000e+00 1.0000e+00 1.0000e+00 1.0000e+00 1.0000e+00 1.0000e+00 1.0000e+00 2.3276e-01 1.0000e+00 1.0000e+00 1.0000e+00 1.0000e+00 1.0000e+00 5.3330e-02 1.0000e+00 1.0000e+00 1.0000e+00 1.0000e+00
6.8970e-02 1.0000e+00 1.0000e+00 1.0000e+00 1.0000e+00 3.0000e-01 7.0056e-01 1.0000e+00 3.2143e-01 0.0000e+00 1.5493e-01 1.0000e+00 1.0000e+00 0.0000e+00 0.0000e+00 1.0000e+00 2.8814e-01 0.0000e+00 6.7836e-01 1.0000e+00 0.0000e+00 5.7143e-01 1.0000e+00 1.8824e-01 0.0000e+00 0.0000e+00 1.0000e+00 1.0000e+00 1.1429e-01 1.8681e-01 0.0000e+00 1.0000e+00 0.0000e+00 1.0000e+00 7.1430e-02 1.0000e+00 1.0000e+00 1.0000e+00 1.0000e+00 1.0000e+00 1.0000e+00 1.0000e+00 1.0000e+00 1.0000e+00 1.0000e+00 1.0000e+00 1.0000e+00 4.8266e-01 1.0000e+00 1.0000e+00 5.6343e-01 1.0000e+00 1.0000e+00 1.0000e+00 1.0000e+00 1.0000e+00 1.0000e+00 1.0000e+00 1.0000e+00 1.0000e+00 1.0000e+00 1.0000e+00 1.0000e+00 0.0000e+00 1.0000e+00 1.0000e+00 1.0000e+00 1.0000e+00 1.0000e+00 1.0000e+00 1.0000e+00 5.4321e-01 1.0000e+00 1.0000e+00 1.0000e+00 5.6471e-01 8.7179e-01 1.0000e+00 1.0000e+00 1.0000e+00 1.0000e+00 1.0000e+00 1.0000e+00 1.0000e+00 1.0000e+00 1.0000e+00 1.0000e+00 1.0000e+00 7.9327e-01 2.3260e-02 1.0000e+00 2.7451e-01 3.5294e-01 1.0000e+00 1.0000e+00 0.0000e+00 1.0000e+00 1.0000e+00 1.0000e+00 1.0000e+00
1.0000e+00 4.3030e-01 7.3224e-01 6.1878e-01 3.7427e-01 7.8049e-01 1.4545e-01 1.0000e+00 7.5758e-01 1.0000e+00 9.4737e-01 8.0383e-01 1.0000e+00 1.0000e+00 1.0000e+00 1.0000e+00 7.8431e-01 1.0000e+00 1.5421e-01 0.0000e+00 1.0000e+00 2.8063e-01 0.0000e+00 8.9062e-01 1.0000e+00 1.0000e+00 0.0000e+00 1.0000e+00 9.0265e-01 8.8806e-01 1.0000e+00 0.0000e+00 1.0000e+00 1.0000e+00 1.0000e+00 0.0000e+00 0.0000e+00 0.0000e+00 1.0000e+00 1.0000e+00 1.0000e+00 0.0000e+00 1.0000e+00 1.0000e+00 1.0000e+00 1.0000e+00 1.0000e+00 1.0000e+00 6.9412e-01 0.0000e+00 1.0000e+00 1.0000e+00 3.8462e-01 1.0000e+00 9.7143e-01 5.9533e-01 1.0000e+00 1.1818e-01 5.2299e-01 3.9623e-01 1.0000e+00 5.1807e-01 7.6220e-01 1.0000e+00 2.7559e-01 1.0000e+00 5.1656e-01 4.7917e-01 7.8723e-01 1.0000e+00 1.0000e+00 1.0000e+00 1.0000e+00 1.0000e+00 1.0000e+00 1.0000e+00 1.0000e+00 4.8966e-01 7.3239e-01 1.0000e+00 1.0000e+00 1.0000e+00 1.0000e+00 4.5890e-01 7.5524e-01 1.0000e+00 7.9470e-01 4.9306e-01 1.0000e+00 1.0000e+00 1.0000e+00 1.0000e+00 1.0000e+00 1.0000e+00 5.0000e-01 1.0000e+00 7.5484e-01 1.0000e+00 1.0000e+00 4.8252e-01
1.0000e+00 8.1667e-01 8.0435e-01 8.0882e-01 8.2540e-01 1.0000e+00 1.0000e+00 7.3846e-01 1.0000e+00 1.0000e+00 1.0000e+00 8.5366e-01 0.0000e+00 1.0000e+00 1.0000e+00 0.0000e+00 1.0000e+00 1.0000e+00 1.0000e+00 1.0000e+00 1.0000e+00 1.0000e+00 1.0000e+00 1.0000e+00 1.0000e+00 1.0000e+00 1.0000e+00 0.0000e+00 1.0000e+00 1.0000e+00 1.0000e+00 1.0000e+00 1.0000e+00 0.0000e+00 1.0000e+00 1.0000e+00 1.0000e+00 1.0000e+00 1.0000e+00 6.3158e-01 7.1250e-01 1.0000e+00 0.0000e+00 2.5640e-02 0.0000e+00 4.7368e-01 6.0000e-01 7.5581e-01 1.0000e+00 1.0000e+00 6.9925e-01 5.5319e-01 7.5676e-01 4.9412e-01 6.5000e-01 8.7736e-01 3.6486e-01 1.0000e+00 8.2946e-01 8.7273e-01 1.9091e-01 8.2645e-01 7.9832e-01 1.0000e+00 7.5610e-01 1.0000e+00 7.8302e-01 7.9798e-01 7.8125e-01 3.0769e-01 2.9070e-01 5.3750e-01 1.0000e+00 5.6522e-01 1.0000e+00 8.3133e-01 5.4922e-01 7.8000e-01 7.8351e-01 6.0355e-01 1.0000e+00 5.3285e-01 8.6047e-01 7.8218e-01 7.8571e-01 1.0000e+00 7.7358e-01 7.7778e-01 5.4854e-01 1.0000e+00 5.2055e-01 8.9796e-01 8.7500e-01 6.2573e-01 7.8788e-01 1.0000e+00 7.6364e-01 3.7143e-01 9.4898e-01 7.8571e-01
2.5758e-01 5.2308e-01 3.5811e-01 3.4247e-01 5.3676e-01 0.0000e+00 4.3784e-01 1.0000e+00 0.0000e+00 1.2245e-01 0.0000e+00 3.5057e-01 1.0000e+00 3.3333e-01 1.8310e-01 1.0000e+00 0.0000e+00 1.8644e-01 4.4693e-01 9.2157e-01 8.6210e-02 2.5688e-01 9.0291e-01 0.0000e+00 1.2281e-01 1.1429e-01 9.0265e-01 1.0000e+00 0.0000e+00 0.0000e+00 6.4520e-02 9.5763e-01 4.6575e-01 1.0000e+00 0.0000e+00 8.8889e-01 8.5841e-01 1.0000e+00 1.0000e+00 1.0000e+00 1.0000e+00 9.7561e-01 1.0000e+00 1.0000e+00 1.0000e+00 1.0000e+00 1.0000e+00 5.0000e-01 0.0000e+00 9.5370e-01 7.6087e-01 1.0000e+00 1.0000e+00 1.0000e+00 1.0000e+00 1.0000e+00 1.0000e+00 1.0000e+00 7.4101e-01 1.0000e+00 1.0000e+00 7.7099e-01 4.1860e-01 6.5169e-01 1.0000e+00 1.0000e+00 7.7586e-01 7.8899e-01 3.8679e-01 1.0000e+00 1.0000e+00 8.0000e-01 1.0000e+00 1.0000e+00 1.0000e+00 1.0000e+00 1.0000e+00 7.6364e-01 4.2991e-01 1.0000e+00 1.0000e+00 1.0000e+00 1.0000e+00 8.1982e-01 3.9815e-01 1.0000e+00 4.2241e-01 7.9817e-01 1.0000e+00 4.1606e-01 1.0000e+00 1.0000e+00 1.0000e+00 1.0000e+00 7.6147e-01 1.7708e-01 4.1667e-01 1.0000e+00 1.0000e+00 7.5926e-01
2.5287e-01 4.9007e-01 3.1953e-01 3.1737e-01 5.2229e-01 0.0000e+00 3.9320e-01 1.0000e+00 0.0000e+00 2.1429e-01 0.0000e+00 3.4872e-01 1.0000e+00 4.0476e-01 2.6087e-01 1.0000e+00 0.0000e+00 2.6250e-01 4.0500e-01 9.1057e-01 1.5190e-01 2.3849e-01 8.7097e-01 0.0000e+00 1.9231e-01 1.8681e-01 8.8806e-01 1.0000e+00 0.0000e+00 0.0000e+00 1.3253e-01 9.4245e-01 3.9362e-01 1.0000e+00 0.0000e+00 8.8406e-01 8.4328e-01 1.0000e+00 1.0000e+00 1.0000e+00 1.0000e+00 9.7087e-01 1.0000e+00 1.0000e+00 1.0000e+00 1.0000e+00 1.0000e+00 4.5067e-01 0.0000e+00 9.4574e-01 7.2391e-01 1.0000e+00 1.0000e+00 1.0000e+00 1.0000e+00 1.0000e+00 1.0000e+00 1.0000e+00 6.8750e-01 1.0000e+00 1.0000e+00 7.3026e-01 4.0000e-01 4.6364e-01 1.0000e+00 1.0000e+00 7.0073e-01 7.3077e-01 3.4646e-01 1.0000e+00 1.0000e+00 7.3298e-01 1.0000e+00 1.0000e+00 1.0000e+00 1.0000e+00 1.0000e+00 7.1756e-01 3.9844e-01 1.0000e+00 1.0000e+00 1.0000e+00 1.0000e+00 7.5000e-01 3.7984e-01 1.0000e+00 3.7226e-01 7.3077e-01 1.0000e+00 3.3544e-01 1.0000e+00 1.0000e+00 1.0000e+00 1.0000e+00 7.0000e-01 1.3675e-01 4.0426e-01 1.0000e+00 1.0000e+00 7.2093e-01
6.2000e-01 1.0000e+00 1.0000e+00 1.0000e+00 1.0000e+00 2.2222e-01 6.9231e-01 1.0000e+00 3.3333e-01 0.0000e+00 7.9370e-02 1.0000e+00 1.0000e+00 0.0000e+00 0.0000e+00 1.0000e+00 2.1569e-01 0.0000e+00 6.7485e-01 1.0000e+00 0.0000e+00 5.5446e-01 1.0000e+00 1.1688e-01 0.0000e+00 0.0000e+00 1.0000e+00 1.0000e+00 6.4520e-02 1.3253e-01 0.0000e+00 1.0000e+00 0.0000e+00 1.0000e+00 0.0000e+00 1.0000e+00 1.0000e+00 1.0000e+00 1.0000e+00 1.0000e+00 1.0000e+00 1.0000e+00 1.0000e+00 1.0000e+00 1.0000e+00 1.0000e+00 1.0000e+00 5.3846e-01 7.3529e-01 1.0000e+00 7.0000e-01 1.0000e+00 1.0000e+00 1.0000e+00 1.0000e+00 1.0000e+00 1.0000e+00 1.0000e+00 1.0000e+00 1.0000e+00 1.0000e+00 1.0000e+00 1.0000e+00 0.0000e+00 1.0000e+00 1.0000e+00 1.0000e+00 1.0000e+00 1.0000e+00 1.0000e+00 1.0000e+00 7.0779e-01 1.0000e+00 1.0000e+00 1.0000e+00 6.3636e-01 1.0000e+00 1.0000e+00 1.0000e+00 1.0000e+00 1.0000e+00 1.0000e+00 1.0000e+00 1.0000e+00 1.0000e+00 1.0000e+00 1.0000e+00 1.0000e+00 1.0000e+00 2.5620e-01 1.0000e+00 1.0000e+00 1.0000e+00 1.0000e+00 1.0000e+00 1.1250e-01 1.0000e+00 1.0000e+00 1.0000e+00 1.0000e+00
1.0000e+00 4.8824e-01 7.9787e-01 6.6129e-01 4.2045e-01 8.5156e-01 1.4667e-01 1.0000e+00 8.3654e-01 1.0000e+00 9.8319e-01 8.3645e-01 1.0000e+00 1.0000e+00 1.0000e+00 1.0000e+00 8.6916e-01 1.0000e+00 1.5982e-01 0.0000e+00 1.0000e+00 2.8682e-01 0.0000e+00 9.4737e-01 1.0000e+00 1.0000e+00 0.0000e+00 1.0000e+00 9.5763e-01 9.4245e-01 1.0000e+00 0.0000e+00 1.0000e+00 1.0000e+00 1.0000e+00 0.0000e+00 0.0000e+00 0.0000e+00 1.0000e+00 1.0000e+00 1.0000e+00 0.0000e+00 1.0000e+00 1.0000e+00 1.0000e+00 1.0000e+00 1.0000e+00 1.0000e+00 7.8889e-01 0.0000e+00 1.0000e+00 1.0000e+00 3.6025e-01 1.0000e+00 9.0909e-01 5.7634e-01 1.0000e+00 1.0435e-01 5.6983e-01 3.6296e-01 1.0000e+00 5.5556e-01 7.9882e-01 1.0000e+00 2.5758e-01 1.0000e+00 5.5769e-01 5.3691e-01 8.2877e-01 1.0000e+00 1.0000e+00 1.0000e+00 1.0000e+00 1.0000e+00 1.0000e+00 1.0000e+00 1.0000e+00 5.4000e-01 7.6190e-01 1.0000e+00 1.0000e+00 1.0000e+00 1.0000e+00 4.9669e-01 8.0405e-01 1.0000e+00 8.3974e-01 5.5034e-01 1.0000e+00 1.0000e+00 1.0000e+00 1.0000e+00 1.0000e+00 1.0000e+00 5.5034e-01 1.0000e+00 7.8125e-01 1.0000e+00 1.0000e+00 5.2703e-01
3.2790e-02 1.0000e+00 1.0000e+00 1.0000e+00 1.0000e+00 6.7470e-01 8.7222e-01 6.7143e-01 8.8136e-01 0.0000e+00 5.0000e-01 1.0000e+00 1.0000e+00 0.0000e+00 0.0000e+00 1.0000e+00 7.7419e-01 0.0000e+00 8.3333e-01 1.0000e+00 0.0000e+00 6.0563e-01 1.0000e+00 5.2273e-01 0.0000e+00 0.0000e+00 1.0000e+00 1.0000e+00 4.6575e-01 3.9362e-01 0.0000e+00 1.0000e+00 0.0000e+00 1.0000e+00 5.4237e-01 1.0000e+00 1.0000e+00 1.0000e+00 1.0000e+00 6.9136e-01 6.8235e-01 1.0000e+00 1.0000e+00 1.0000e+00 1.0000e+00 1.0000e+00 1.0000e+00 4.5559e-01 1.0000e+00 1.0000e+00 4.7970e-01 8.3838e-01 1.0000e+00 7.4444e-01 1.0000e+00 1.0000e+00 1.0000e+00 1.0000e+00 1.0000e+00 1.0000e+00 1.0000e+00 1.0000e+00 1.0000e+00 0.0000e+00 1.0000e+00 1.0000e+00 1.0000e+00 1.0000e+00 1.0000e+00 1.0000e+00 7.9121e-01 4.4242e-01 1.0000e+00 1.0000e+00 1.0000e+00 1.3636e-01 7.9798e-01 1.0000e+00 1.0000e+00 1.0000e+00 1.0000e+00 1.0000e+00 1.0000e+00 1.0000e+00 1.0000e+00 1.0000e+00 1.0000e+00 1.0000e+00 6.7299e-01 0.0000e+00 1.0000e+00 1.2963e-01 2.7027e-01 1.0000e+00 1.0000e+00 0.0000e+00 1.0000e+00 7.3333e-01 1.0000e+00 1.0000e+00
1.0000e+00 8.3036e-01 8.0769e-01 8.1250e-01 8.2203e-01 1.0000e+00 1.0000e+00 8.2456e-01 1.0000e+00 1.0000e+00 1.0000e+00 8.5897e-01 0.0000e+00 1.0000e+00 1.0000e+00 0.0000e+00 1.0000e+00 1.0000e+00 1.0000e+00 1.0000e+00 1.0000e+00 1.0000e+00 1.0000e+00 1.0000e+00 1.0000e+00 1.0000e+00 1.0000e+00 0.0000e+00 1.0000e+00 1.0000e+00 1.0000e+00 1.0000e+00 1.0000e+00 0.0000e+00 1.0000e+00 1.0000e+00 1.0000e+00 1.0000e+00 1.0000e+00 6.9118e-01 7.6389e-01 1.0000e+00 1.4930e-02 9.1700e-03 0.0000e+00 4.3333e-01 5.9259e-01 8.0655e-01 1.0000e+00 1.0000e+00 7.7132e-01 5.9302e-01 7.5728e-01 5.3247e-01 6.3462e-01 8.9216e-01 3.3333e-01 1.0000e+00 8.4298e-01 8.8679e-01 1.4706e-01 8.2301e-01 8.1081e-01 1.0000e+00 7.8378e-01 1.0000e+00 8.0612e-01 7.8022e-01 7.7273e-01 3.4286e-01 4.6154e-01 6.1842e-01 1.0000e+00 5.9231e-01 1.0000e+00 1.0000e+00 6.3784e-01 7.9348e-01 7.8652e-01 5.9006e-01 1.0000e+00 5.4264e-01 7.9487e-01 7.9570e-01 7.8889e-01 1.0000e+00 7.7551e-01 7.8022e-01 6.4646e-01 1.0000e+00 5.8696e-01 1.0000e+00 9.1667e-01 6.4417e-01 7.9121e-01 1.0000e+00 7.8431e-01 4.8387e-01 1.0000e+00 7.7778e-01
2.6923e-01 5.2586e-01 4.2537e-01 4.0152e-01 8.3607e-01 0.0000e+00 5.3801e-01 1.0000e+00 0.0000e+00 5.7140e-02 0.0000e+00 5.5000e-01 1.0000e+00 3.2653e-01 1.7544e-01 1.0000e+00 0.0000e+00 1.5556e-01 5.3333e-01 1.0000e+00 0.0000e+00 3.4804e-01 1.0000e+00 0.0000e+00 4.6510e-02 7.1430e-02 1.0000e+00 1.0000e+00 0.0000e+00 0.0000e+00 0.0000e+00 1.0000e+00 5.4237e-01 1.0000e+00 0.0000e+00 1.0000e+00 1.0000e+00 1.0000e+00 1.0000e+00 1.0000e+00 1.0000e+00 1.0000e+00 1.0000e+00 1.0000e+00 1.0000e+00 1.0000e+00 1.0000e+00 5.2941e-01 0.0000e+00 1.0000e+00 8.0153e-01 1.0000e+00 1.0000e+00 1.0000e+00 1.0000e+00 1.0000e+00 1.0000e+00 1.0000e+00 8.5600e-01 1.0000e+00 1.0000e+00 8.8034e-01 5.4783e-01 7.2000e-01 1.0000e+00 1.0000e+00 8.6275e-01 8.8421e-01 4.8913e-01 1.0000e+00 1.0000e+00 8.5256e-01 1.0000e+00 1.0000e+00 1.0000e+00 1.0000e+00 1.0000e+00 8.6458e-01 5.2688e-01 1.0000e+00 1.0000e+00 1.0000e+00 1.0000e+00 9.2784e-01 5.0000e-01 1.0000e+00 5.1961e-01 8.9474e-01 1.0000e+00 4.6341e-01 1.0000e+00 1.0000e+00 1.0000e+00 1.0000e+00 8.6316e-01 1.7073e-01 5.3774e-01 1.0000e+00 1.0000e+00 8.7234e-01
1.0000e+00 4.4970e-01 7.2727e-01 7.3514e-01 4.2286e-01 7.8740e-01 1.4286e-01 1.0000e+00 7.4757e-01 1.0000e+00 9.4915e-01 8.4977e-01 1.0000e+00 1.0000e+00 1.0000e+00 1.0000e+00 8.0189e-01 1.0000e+00 1.5138e-01 0.0000e+00 1.0000e+00 2.7626e-01 0.0000e+00 8.8636e-01 1.0000e+00 1.0000e+00 0.0000e+00 1.0000e+00 8.8889e-01 8.8406e-01 1.0000e+00 0.0000e+00 1.0000e+00 1.0000e+00 1.0000e+00 0.0000e+00 0.0000e+00 0.0000e+00 1.0000e+00 1.0000e+00 1.0000e+00 0.0000e+00 1.0000e+00 1.0000e+00 1.0000e+00 1.0000e+00 1.0000e+00 1.0000e+00 7.8652e-01 0.0000e+00 1.0000e+00 1.0000e+00 3.7500e-01 1.0000e+00 8.8991e-01 5.9387e-01 1.0000e+00 1.2281e-01 5.9551e-01 3.9777e-01 1.0000e+00 5.8824e-01 8.2143e-01 1.0000e+00 2.8244e-01 1.0000e+00 5.8710e-01 5.6081e-01 8.4138e-01 1.0000e+00 1.0000e+00 1.0000e+00 1.0000e+00 1.0000e+00 1.0000e+00 1.0000e+00 1.0000e+00 5.7047e-01 7.8082e-01 1.0000e+00 1.0000e+00 1.0000e+00 1.0000e+00 5.2667e-01 8.1633e-01 1.0000e+00 8.4516e-01 5.7432e-01 1.0000e+00 1.0000e+00 1.0000e+00 1.0000e+00 1.0000e+00 1.0000e+00 5.8108e-01 1.0000e+00 7.9874e-01 1.0000e+00 1.0000e+00 5.5782e-01
