0.0000e+00 1.0000e+00 8.0882e-01 8.5821e-01 1.0000e+00 4.0789e-01 7.6301e-01 4.7619e-01 5.9615e-01 1.0000e+00 2.5373e-01 8.8272e-01 1.0000e+00 0.0000e+00 3.3900e-02 1.0000e+00 5.0909e-01 2.3404e-01 7.4850e-01 1.0000e+00 9.5652e-01 5.7767e-01 1.0000e+00 2.7160e-01 4.0000e-01 6.8970e-02 1.0000e+00 1.0000e+00 2.5758e-01 2.5287e-01
1.0000e+00 0.0000e+00 0.0000e+00 0.0000e+00 0.0000e+00 4.6429e-01 4.3882e-01 7.6378e-01 3.7931e-01 1.0000e+00 5.2672e-01 2.3451e-01 8.0800e-01 1.0000e+00 1.0000e+00 8.1481e-01 4.5378e-01 1.0000e+00 4.8918e-01 4.2208e-01 1.0000e+00 4.3333e-01 4.1290e-01 5.0345e-01 1.0000e+00 1.0000e+00 4.3030e-01 8.1667e-01 5.2308e-01 4.9007e-01
8.0882e-01 0.0000e+00 0.0000e+00 0.0000e+00 0.0000e+00 3.6076e-01 5.0980e-01 7.1724e-01 4.0299e-01 1.0000e+00 3.8255e-01 1.1885e-01 7.9021e-01 1.0000e+00 1.0000e+00 7.9085e-01 4.2336e-01 1.0000e+00 5.2209e-01 7.4419e-01 1.0000e+00 4.2361e-01 7.0520e-01 3.4356e-01 1.0000e+00 1.0000e+00 7.3224e-01 8.0435e-01 3.5811e-01 3.1953e-01
8.5821e-01 0.0000e+00 0.0000e+00 0.0000e+00 0.0000e+00 3.3974e-01 4.5455e-01 7.4825e-01 3.8636e-01 1.0000e+00 3.6054e-01 0.0000e+00 7.9433e-01 1.0000e+00 1.0000e+00 8.0132e-01 4.0000e-01 1.0000e+00 4.8583e-01 6.8824e-01 1.0000e+00 4.1259e-01 7.3099e-01 3.2298e-01 1.0000e+00 1.0000e+00 6.1878e-01 8.0882e-01 3.4247e-01 3.1737e-01
1.0000e+00 0.0000e+00 0.0000e+00 0.0000e+00 0.0000e+00 4.7945e-01 3.8272e-01 7.6692e-01 4.0164e-01 1.0000e+00 7.2263e-01 0.0000e+00 8.0153e-01 1.0000e+00 1.0000e+00 8.2270e-01 4.6400e-01 1.0000e+00 4.5570e-01 3.6875e-01 1.0000e+00 4.3116e-01 3.8509e-01 5.2980e-01 1.0000e+00 1.0000e+00 3.7427e-01 8.2540e-01 5.3676e-01 5.2229e-01
4.0789e-01 4.6429e-01 3.6076e-01 3.3974e-01 4.7945e-01 0.0000e+00 3.8462e-01 1.0000e+00 0.0000e+00 3.5593e-01 0.0000e+00 2.7174e-01 1.0000e+00 7.9452e-01 3.9506e-01 1.0000e+00 0.0000e+00 4.2029e-01 4.0212e-01 7.8571e-01 2.6471e-01 2.5439e-01 7.5221e-01 0.0000e+00 3.2836e-01 3.0000e-01 7.8049e-01 1.0000e+00 0.0000e+00 0.0000e+00
7.6301e-01 4.3882e-01 5.0980e-01 4.5455e-01 3.8272e-01 3.8462e-01 0.0000e+00 1.0000e+00 4.3275e-01 7.7564e-01 4.5699e-01 4.1993e-01 1.0000e+00 9.2353e-01 7.4719e-01 1.0000e+00 4.3678e-01 7.7711e-01 0.0000e+00 1.5789e-01 7.2121e-01 0.0000e+00 1.4762e-01 4.0500e-01 7.4390e-01 7.0056e-01 1.4545e-01 1.0000e+00 4.3784e-01 3.9320e-01
4.7619e-01 7.6378e-01 7.1724e-01 7.4825e-01 7.6692e-01 1.0000e+00 1.0000e+00 0.0000e+00 1.0000e+00 1.0000e+00 1.0000e+00 8.1287e-01 1.0000e-01 1.0000e+00 1.0000e+00 1.7500e-01 1.0000e+00 1.0000e+00 1.0000e+00 1.0000e+00 1.0000e+00 1.0000e+00 1.0000e+00 1.0000e+00 1.0000e+00 1.0000e+00 1.0000e+00 7.3846e-01 1.0000e+00 1.0000e+00
5.9615e-01 3.7931e-01 4.0299e-01 3.8636e-01 4.0164e-01 0.0000e+00 4.3275e-01 1.0000e+00 0.0000e+00 4.2857e-01 0.0000e+00 3.5625e-01 1.0000e+00 1.0000e+00 7.1930e-01 1.0000e+00 0.0000e+00 4.4444e-01 4.5455e-01 7.5000e-01 2.9545e-01 2.4510e-01 7.3034e-01 0.0000e+00 3.7209e-01 3.2143e-01 7.5758e-01 1.0000e+00 0.0000e+00 0.0000e+00
1.0000e+00 1.0000e+00 1.0000e+00 1.0000e+00 1.0000e+00 3.5593e-01 7.7564e-01 1.0000e+00 4.2857e-01 0.0000e+00 1.8000e-01 1.0000e+00 1.0000e+00 0.0000e+00 0.0000e+00 1.0000e+00 3.9474e-01 0.0000e+00 7.6000e-01 1.0000e+00 0.0000e+00 6.1905e-01 1.0000e+00 2.1875e-01 0.0000e+00 0.0000e+00 1.0000e+00 1.0000e+00 1.2245e-01 2.1429e-01
2.5373e-01 5.2672e-01 3.8255e-01 3.6054e-01 7.2263e-01 0.0000e+00 4.5699e-01 1.0000e+00 0.0000e+00 1.8000e-01 0.0000e+00 2.9714e-01 1.0000e+00 3.7500e-01 2.3611e-01 1.0000e+00 0.0000e+00 2.5000e-01 4.6111e-01 9.8058e-01 1.0169e-01 2.7854e-01 9.4231e-01 0.0000e+00 1.7241e-01 1.5493e-01 9.4737e-01 1.0000e+00 0.0000e+00 0.0000e+00
8.8272e-01 2.3451e-01 1.1885e-01 0.0000e+00 0.0000e+00 2.7174e-01 4.1993e-01 8.1287e-01 3.5625e-01 1.0000e+00 2.9714e-01 0.0000e+00 8.5207e-01 1.0000e+00 1.0000e+00 8.4358e-01 3.1288e-01 1.0000e+00 4.3636e-01 8.3838e-01 1.0000e+00 3.9809e-01 8.4422e-01 3.0688e-01 1.0000e+00 1.0000e+00 8.0383e-01 8.5366e-01 3.5057e-01 3.4872e-01
1.0000e+00 8.0800e-01 7.9021e-01 7.9433e-01 8.0153e-01 1.0000e+00 1.0000e+00 1.0000e-01 1.0000e+00 1.0000e+00 1.0000e+00 8.5207e-01 0.0000e+00 1.0000e+00 1.0000e+00 0.0000e+00 1.0000e+00 1.0000e+00 1.0000e+00 1.0000e+00 1.0000e+00 1.0000e+00 1.0000e+00 1.0000e+00 1.0000e+00 1.0000e+00 1.0000e+00 0.0000e+00 1.0000e+00 1.0000e+00
0.0000e+00 1.0000e+00 1.0000e+00 1.0000e+00 1.0000e+00 7.9452e-01 9.2353e-01 1.0000e+00 1.0000e+00 0.0000e+00 3.7500e-01 1.0000e+00 1.0000e+00 0.0000e+00 0.0000e+00 1.0000e+00 9.0385e-01 0.0000e+00 8.5976e-01 1.0000e+00 0.0000e+00 6.8473e-01 1.0000e+00 4.3590e-01 0.0000e+00 0.0000e+00 1.0000e+00 1.0000e+00 3.3333e-01 4.0476e-01
3.3900e-02 1.0000e+00 1.0000e+00 1.0000e+00 1.0000e+00 3.9506e-01 7.4719e-01 1.0000e+00 7.1930e-01 0.0000e+00 2.3611e-01 1.0000e+00 1.0000e+00 0.0000e+00 0.0000e+00 1.0000e+00 3.6667e-01 0.0000e+00 7.0930e-01 1.0000e+00 0.0000e+00 6.1137e-01 1.0000e+00 2.9070e-01 0.0000e+00 0.0000e+00 1.0000e+00 1.0000e+00 1.8310e-01 2.6087e-01
1.0000e+00 8.1481e-01 7.9085e-01 8.0132e-01 8.2270e-01 1.0000e+00 1.0000e+00 1.7500e-01 1.0000e+00 1.0000e+00 1.0000e+00 8.4358e-01 0.0000e+00 1.0000e+00 1.0000e+00 0.0000e+00 1.0000e+00 1.0000e+00 1.0000e+00 1.0000e+00 1.0000e+00 1.0000e+00 1.0000e+00 1.0000e+00 1.0000e+00 1.0000e+00 1.0000e+00 0.0000e+00 1.0000e+00 1.0000e+00
5.0909e-01 4.5378e-01 4.2336e-01 4.0000e-01 4.6400e-01 0.0000e+00 4.3678e-01 1.0000e+00 0.0000e+00 3.9474e-01 0.0000e+00 3.1288e-01 1.0000e+00 9.0385e-01 3.6667e-01 1.0000e+00 0.0000e+00 4.1667e-01 4.5238e-01 7.9121e-01 2.5532e-01 2.8986e-01 7.6087e-01 0.0000e+00 3.2609e-01 2.8814e-01 7.8431e-01 1.0000e+00 0.0000e+00 0.0000e+00
2.3404e-01 1.0000e+00 1.0000e+00 1.0000e+00 1.0000e+00 4.2029e-01 7.7711e-01 1.0000e+00 4.4444e-01 0.0000e+00 2.5000e-01 1.0000e+00 1.0000e+00 0.0000e+00 0.0000e+00 1.0000e+00 4.1667e-01 0.0000e+00 7.5000e-01 1.0000e+00 0.0000e+00 6.2814e-01 1.0000e+00 2.8378e-01 0.0000e+00 0.0000e+00 1.0000e+00 1.0000e+00 1.8644e-01 2.6250e-01
7.4850e-01 4.8918e-01 5.2209e-01 4.8583e-01 4.5570e-01 4.0212e-01 0.0000e+00 1.0000e+00 4.5455e-01 7.6000e-01 4.6111e-01 4.3636e-01 1.0000e+00 8.5976e-01 7.0930e-01 1.0000e+00 4.5238e-01 7.5000e-01 0.0000e+00 1.6749e-01 7.0440e-01 0.0000e+00 1.5686e-01 4.1753e-01 7.2785e-01 6.7836e-01 1.5421e-01 1.0000e+00 4.4693e-01 4.0500e-01
1.0000e+00 4.2208e-01 7.4419e-01 6.8824e-01 3.6875e-01 7.8571e-01 1.5789e-01 1.0000e+00 7.5000e-01 1.0000e+00 9.8058e-01 8.3838e-01 1.0000e+00 1.0000e+00 1.0000e+00 1.0000e+00 7.9121e-01 1.0000e+00 1.6749e-01 0.0000e+00 1.0000e+00 3.0165e-01 0.0000e+00 9.1453e-01 1.0000e+00 1.0000e+00 0.0000e+00 1.0000e+00 9.2157e-01 9.1057e-01
9.5652e-01 1.0000e+00 1.0000e+00 1.0000e+00 1.0000e+00 2.6471e-01 7.2121e-01 1.0000e+00 2.9545e-01 0.0000e+00 1.0169e-01 1.0000e+00 1.0000e+00 0.0000e+00 0.0000e+00 1.0000e+00 2.5532e-01 0.0000e+00 7.0440e-01 1.0000e+00 0.0000e+00 5.7576e-01 1.0000e+00 1.5068e-01 0.0000e+00 0.0000e+00 1.0000e+00 1.0000e+00 8.6210e-02 1.5190e-01
5.7767e-01 4.3333e-01 4.2361e-01 4.1259e-01 4.3116e-01 2.5439e-01 0.0000e+00 1.0000e+00 2.4510e-01 6.1905e-01 2.7854e-01 3.9809e-01 1.0000e+00 6.8473e-01 6.1137e-01 1.0000e+00 2.8986e-01 6.2814e-01 0.0000e+00 3.0165e-01 5.7576e-01 0.0000e+00 2.8395e-01 2.4464e-01 5.9898e-01 5.7143e-01 2.8063e-01 1.0000e+00 2.5688e-01 2.3849e-01
1.0000e+00 4.1290e-01 7.0520e-01 7.3099e-01 3.8509e-01 7.5221e-01 1.4762e-01 1.0000e+00 7.3034e-01 1.0000e+00 9.4231e-01 8.4422e-01 1.0000e+00 1.0000e+00 1.0000e+00 1.0000e+00 7.6087e-01 1.0000e+00 1.5686e-01 0.0000e+00 1.0000e+00 2.8395e-01 0.0000e+00 8.8136e-01 1.0000e+00 1.0000e+00 0.0000e+00 1.0000e+00 9.0291e-01 8.7097e-01
2.7160e-01 5.0345e-01 3.4356e-01 3.2298e-01 5.2980e-01 0.0000e+00 4.0500e-01 1.0000e+00 0.0000e+00 2.1875e-01 0.0000e+00 3.0688e-01 1.0000e+00 4.3590e-01 2.9070e-01 1.0000e+00 0.0000e+00 2.8378e-01 4.1753e-01 9.1453e-01 1.5068e-01 2.4464e-01 8.8136e-01 0.0000e+00 1.9444e-01 1.8824e-01 8.9062e-01 1.0000e+00 0.0000e+00 0.0000e+00
4.0000e-01 1.0000e+00 1.0000e+00 1.0000e+00 1.0000e+00 3.2836e-01 7.4390e-01 1.0000e+00 3.7209e-01 0.0000e+00 1.7241e-01 1.0000e+00 1.0000e+00 0.0000e+00 0.0000e+00 1.0000e+00 3.2609e-01 0.0000e+00 7.2785e-01 1.0000e+00 0.0000e+00 5.9898e-01 1.0000e+00 1.9444e-01 0.0000e+00 0.0000e+00 1.0000e+00 1.0000e+00 1.2281e-01 1.9231e-01
6.8970e-02 1.0000e+00 1.0000e+00 1.0000e+00 1.0000e+00 3.0000e-01 7.0056e-01 1.0000e+00 3.2143e-01 0.0000e+00 1.5493e-01 1.0000e+00 1.0000e+00 0.0000e+00 0.0000e+00 1.0000e+00 2.8814e-01 0.0000e+00 6.7836e-01 1.0000e+00 0.0000e+00 5.7143e-01 1.0000e+00 1.8824e-01 0.0000e+00 0.0000e+00 1.0000e+00 1.0000e+00 1.1429e-01 1.8681e-01
1.0000e+00 4.3030e-01 7.3224e-01 6.1878e-01 3.7427e-01 7.8049e-01 1.4545e-01 1.0000e+00 7.5758e-01 1.0000e+00 9.4737e-01 8.0383e-01 1.0000e+00 1.0000e+00 1.0000e+00 1.0000e+00 7.8431e-01 1.0000e+00 1.5421e-01 0.0000e+00 1.0000e+00 2.8063e-01 0.0000e+00 8.9062e-01 1.0000e+00 1.0000e+00 0.0000e+00 1.0000e+00 9.0265e-01 8.8806e-01
1.0000e+00 8.1667e-01 8.0435e-01 8.0882e-01 8.2540e-01 1.0000e+00 1.0000e+00 7.3846e-01 1.0000e+00 1.0000e+00 1.0000e+00 8.5366e-01 0.0000e+00 1.0000e+00 1.0000e+00 0.0000e+00 1.0000e+00 1.0000e+00 1.0000e+00 1.0000e+00 1.0000e+00 1.0000e+00 1.0000e+00 1.0000e+00 1.0000e+00 1.0000e+00 1.0000e+00 0.0000e+00 1.0000e+00 1.0000e+00
2.5758e-01 5.2308e-01 3.5811e-01 3.4247e-01 5.3676e-01 0.0000e+00 4.3784e-01 1.0000e+00 0.0000e+00 1.2245e-01 0.0000e+00 3.5057e-01 1.0000e+00 3.3333e-01 1.8310e-01 1.0000e+00 0.0000e+00 1.8644e-01 4.4693e-01 9.2157e-01 8.6210e-02 2.5688e-01 9.0291e-01 0.0000e+00 1.2281e-01 1.1429e-01 9.0265e-01 1.0000e+00 0.0000e+00 0.0000e+00
2.5287e-01 4.9007e-01 3.1953e-01 3.1737e-01 5.2229e-01 0.0000e+00 3.9320e-01 1.0000e+00 0.0000e+00 2.1429e-01 0.0000e+00 3.4872e-01 1.0000e+00 4.0476e-01 2.6087e-01 1.0000e+00 0.0000e+00 2.6250e-01 4.0500e-01 9.1057e-01 1.5190e-01 2.3849e-01 8.7097e-01 0.0000e+00 1.9231e-01 1.8681e-01 8.8806e-01 1.0000e+00 0.0000e+00 0.0000e+00
